   183.69   1470   6298.86   3154   120.61   440   503.99   453.65   125.86   205.63   28988   1762   6003
   176   60288   414   850   84.81   2794   360.08   279.09   135   94.11   13098   10909   211
   212.67   11996   298.20   393.27   184.86   346.13   168.19   143.82   215.48   236.75   6314   1631   3181
   14.43   49637   507.45   425.01   644.82   591.01   338.01   229.98   104.77   90.76   17709.95   3985.55   3794.16
   353.85   3417   666.29   254   4191   414   938   793.89   23.30   581.51   7259   7986   1498
   493.78   2549.15   530.26   3343   354.09   1404.07   144.36   408.50   355.01   328.61   12261.62   8979.36   1539
   1014.79   414   137.41   1096.29   273.22   561   98.94   381.32   684.49   497.61   1649.62   597.02   250.92
   546.17   30.27   112.87   1126.88   357   586   196   196   142.57   257.20   644   245.43   102.22
   851.01   142.98   661.49   792   1854   353.71   414.25   528.53   347.21   320.46   4864.62   790.12   135.27
   43.38   8099.59   290.90   447.44   4446   257.54   430.10   377.90   534.97   79.24   3249.22   4620.65   102.09
   23.80   6.90   31.06   26.17   39868   294.84   241.94   187.84   39.37   27.37   6075   919   24.68
   31.52   52220.79   77.34   -2176.13   -130.47   19564.81   379.32   280.49   -50.50   3949.07   2390.10   1398.90   1633.93
   240.26   39138.05   226.17   214.71   105.17   12904.65   382.41   284.04   134.01   425.80   8124.48   1943.13   1799.97
   31.21   94011.95   389.16   160.58   -57.12   21412.34   286   286.58   138.55   16812.82   5855.13   474.21   4980.21
   106.69   47730.62   119.55   -196.07   47.71   34790   449.25   449.25   75.87   571.54   2390.27   -271.41   2786.81
   38.55   81181.41   66.84   -379.50   26.90   67535.43   173.17   173.17   67.37   39.37   5595.96   769.11   1699.82
   90.25   257558.17   145.54   2875.07   92.56   44568.63   370   370   158.72   738.08   9456.30   32629.14   5872.59
   -3.59   63029.02   58.09   -47.96   -28.59   27636.99   307.89   307.89   -1.00   725.96   4978.53   7787.01   1442.77
   22.95   36461.97   -7.79   572.59   523.91   3927.09   90.24   83.84   40.54   286.38   9581.72   4670.31   1204.22
   745.97   38280.00   317.15   89.71   325.61   32419.15   719.82   706.21   93.64   350.11   6978.35   6462.82   2299.83
   893.03   94456.38   471.05   264.95   452.54   12122.76   798.04   889.56   166.03   6434.82   2984.05   6402.09   6817.70
   405.79   11135   289.67   144.36   153.35   2972   478.40   330.01   113   382   671.90   2186.82   5286.49
   611.75   28671.43   110.89   440.07   -600.08   2939.31   345.45   127.55   113   28150.89   5455.47   4045.45   258023.66
   323.49   43324.33   186.73   10.05   50.81   21450.90   201.57   177.18   217   350   2290.65   2701.59   808.67
   429.33   62394.24   530.14   699.74   1145.19   16819.06   645.96   708.64   542   503   10114.03   24035.58   4092
   1005.77   5012.91   437.80   172.86   2592.67   5538   518.83   383.17   542   363   6330.71   32724.67   7131.70
   577.39   9415   362.52   212.01   123.38   2066   515.34   439.91   98.41   350.10   5733.91   7639.94   4554
   321.07   10733   683   1481   166.78   3158   939.73   1083.95   175.11   223.40   12447.49   30057.14   10436.42
   258.99   44463.79   499.12   743.92   297.12   42061.02   252.37   434.90   358.92   177.94   6278.46   -552.83   1669.20
   278.60   21347   759.80   869.54   778.53   12453   161   397.48   385.20   402.90   13711.38   1961.79   2602